0.0010000000000000028 0.00411313627244005 0.0060192915880743995 0.002641085680399223 0.0032412788321294094 0.0023537628918963473 0.006721547845281874 0.004599960308232458 0.002825539244408768 0.0027477269215867195
0.001000000000000006 0.0014726836599055129 0.0019213824051525644 0.0011458516575830501 0.0014513727036689883 0.0009625128320936238 0.001332202517850941 0.0017027401888166168 0.0013208367121179325 0.001113639626024762
0.000999999999999995 0.007231795699774689 0.008418122806015223 0.0014932831747055404 0.009647873178075549 0.003754403836763387 0.0012727471788906038 0.0010915769570339251 0.0023074717789295165 0.0044712994267444624
0.0010000000000000122 0.0015168977983912595 0.0032563854383578844 0.005133768560984282 0.00773964838856608 0.0015946217131311742 0.009696156432231836 0.010899353731476671 0.0013473199749478098 0.00948801025965126
0.0009999999999999972 0.028051423479399328 0.024578506727611856 0.002067997334926828 0.034135830795229236 0.035348762189675934 0.032436121355510564 0.025462155848457516 0.017024652685264263 0.009302049477585039
0.0009999999999999855 0.059233756120406336 0.21395306275934922 0.4237066997663361 0.6143456563076615 0.7547957632166766 0.6880220348019664 0.4338593033053194 0.15049587912240378 0.003833956982678165
0.0010000000000000091 0.03772337258210153 0.13273490505116387 0.25202272871648923 0.34782160460197614 0.3840970207531056 0.28890172382789603 0.1229676089232081 0.01091240197049625 0.031776567584388904
0.000999999999999988 0.07235839769228344 0.18747223085683695 0.18659710243082725 0.06981292819285748 0.011455528372057993 0.16945876790361405 0.16676341556674523 0.011116766499475178 0.08256208162705524
0.0010000000000000126 0.019884351144634077 0.03143925900477565 0.008240951338821238 0.005622252423485341 0.032675937130154736 0.004837154829238253 0.020615742222303526 0.02364767070502176 0.0035518934216011667
0.0009999999999999822 0.017427236942499057 0.01708960178506823 0.001145035177038951 0.01809248280162993 0.008633434268806927 0.013397407535589025 0.011556024136629444 0.010957593759587202 0.014132480918037153
