0.005678873587267572 0.005678873587267572 0.005678873587267572 0.005678873587267572 0.005678873587267572 0.005678873587267572 0.005678873587267572 0.005678873587267572 0.005678873587267572 0.005678873587267572
0.007098591984084465 0.007098591984084465 0.007098591984084465 0.007098591984084465 0.007098591984084465 0.007098591984084465 0.007098591984084465 0.007098591984084465 0.007098591984084465 0.007098591984084465
0.008518310380901358 0.008518310380901358 0.008518310380901358 0.008518310380901358 0.008518310380901358 0.008518310380901358 0.008518310380901358 0.008518310380901358 0.008518310380901358 0.008518310380901358
0.009938028777718252 0.009938028777718252 0.009938028777718252 0.009938028777718252 0.009938028777718252 0.009938028777718252 0.009938028777718252 0.009938028777718252 0.009938028777718252 0.009938028777718252
0.011357747174535145 0.011357747174535145 0.011357747174535145 0.011357747174535145 0.011357747174535145 0.011357747174535145 0.011357747174535145 0.011357747174535145 0.011357747174535145 0.011357747174535145
0.017036620761802717 0.017036620761802717 0.017036620761802717 0.017036620761802717 0.017036620761802717 0.017036620761802717 0.017036620761802717 0.017036620761802717 0.017036620761802717 0.017036620761802717
0.01845633915861961 0.01845633915861961 0.01845633915861961 0.01845633915861961 0.01845633915861961 0.01845633915861961 0.01845633915861961 0.01845633915861961 0.01845633915861961 0.01845633915861961
0.019876057555436505 0.019876057555436505 0.019876057555436505 0.019876057555436505 0.019876057555436505 0.019876057555436505 0.019876057555436505 0.019876057555436505 0.019876057555436505 0.019876057555436505
0.021295775952253397 0.021295775952253397 0.021295775952253397 0.021295775952253397 0.021295775952253397 0.021295775952253397 0.021295775952253397 0.021295775952253397 0.021295775952253397 0.021295775952253397
0.02271549434907029 0.02271549434907029 0.02271549434907029 0.02271549434907029 0.02271549434907029 0.02271549434907029 0.02271549434907029 0.02271549434907029 0.02271549434907029 0.02271549434907029
