0.0 9.313676499183844 18.627352998367687 27.941029497551533 37.254705996735375 49.6729413289805 62.91617666122562 76.15941199347074 89.40264732571588 102.645882657961
0.0 9.313676499183844 18.627352998367687 27.941029497551533 37.254705996735375 49.6729413289805 62.91617666122562 76.15941199347074 89.40264732571588 102.645882657961
0.0 9.313676499183844 18.627352998367687 27.941029497551533 37.254705996735375 49.6729413289805 62.91617666122562 76.15941199347074 89.40264732571588 102.645882657961
0.0 9.313676499183844 18.627352998367687 27.941029497551533 37.254705996735375 49.6729413289805 62.91617666122562 76.15941199347074 89.40264732571588 102.645882657961
0.0 9.313676499183844 18.627352998367687 27.941029497551533 37.254705996735375 49.6729413289805 62.91617666122562 76.15941199347074 89.40264732571588 102.645882657961
0.0 9.313676499183844 18.627352998367687 27.941029497551533 37.254705996735375 49.6729413289805 62.91617666122562 76.15941199347074 89.40264732571588 102.645882657961
0.0 9.313676499183844 18.627352998367687 27.941029497551533 37.254705996735375 49.6729413289805 62.91617666122562 76.15941199347074 89.40264732571588 102.645882657961
0.0 9.313676499183844 18.627352998367687 27.941029497551533 37.254705996735375 49.6729413289805 62.91617666122562 76.15941199347074 89.40264732571588 102.645882657961
0.0 9.313676499183844 18.627352998367687 27.941029497551533 37.254705996735375 49.6729413289805 62.91617666122562 76.15941199347074 89.40264732571588 102.645882657961
0.0 9.313676499183844 18.627352998367687 27.941029497551533 37.254705996735375 49.6729413289805 62.91617666122562 76.15941199347074 89.40264732571588 102.645882657961
