0.009999999999999997 0.008922992098521172 0.016145754025859188 0.02285069604221479 0.019823277654298612 0.02023495912189369 0.01729630864441931 0.007741223598954877 0.009801575232538325 0.012318593560844042 0.015703147157739943 0.025528016110773436 0.01767884058791452 0.014735389833998316 0.013536704453341014 0.008617288265521812 0.014657927975529214 0.014009263284512782 0.02223695783665397 0.021556303292254733 
0.010000000000000077 0.02281860104177577 0.0293019079669718 0.04441040490769758 0.06329998757477584 0.08345559554686237 0.07299434609107276 0.09127090616626514 0.10961684669871029 0.11711819080125611 0.12804242771437305 0.1170729936792793 0.08982475758073638 0.07614264967158192 0.06450363912131142 0.0540832797022952 0.054527430999488195 0.062065400425737834 0.06808855175628797 0.07424783475555119 
0.00999999999999998 0.05460809343680754 0.10047433317850431 0.1478720747662963 0.19343225263540695 0.26744134240178175 0.3093461507676772 0.3474855887521688 0.29852629069718467 0.29962044637514784 0.2348482318941325 0.18709029648779438 0.14904552690499973 0.11783473764201578 0.13790214940281137 0.12910076574952792 0.1650985816241628 0.21594042702800195 0.2125766970352294 0.18239048092213817 
0.010000000000000004 0.026577112599616374 0.05063938383571793 0.06812974551818096 0.08795104550351585 0.1158144417646858 0.16442731494815863 0.21096289017314251 0.25331460233485165 0.29745087331141157 0.3146495661058442 0.34717903837935227 0.3478624505402083 0.3752166278290529 0.38513582353889125 0.38309277641330536 0.35321931375387544 0.3066031304281643 0.25523864363215093 0.2386521843854649 
0.010000000000000009 0.023293844160042976 0.05493366625786859 0.10172832327773684 0.15389666340584332 0.1865620279328547 0.23992019655760963 0.2854031923850615 0.28682059907553176 0.2770274627299571 0.2664829660385109 0.20744564712579405 0.14655036111731776 0.10739766630469559 0.08175979970958042 0.08252836917368948 0.08537815670168053 0.10691134902096837 0.13436328844130782 0.18003258215171158 
0.00999999999999989 0.04275049690760032 0.11479534934259182 0.20253915080819931 0.3004719182520613 0.3736929821535477 0.42463653584710953 0.4409828774325784 0.3960042542395435 0.36445571727231146 0.3415006580182458 0.2901374805617871 0.2691262316136227 0.2714733188689791 0.2826608910078943 0.32357298003408996 0.3449120698797466 0.3356431964757743 0.34379758641668245 0.29493326044227414 
0.01000000000000015 0.029480330952051537 0.07818463622709149 0.15569292719223918 0.23479810391163022 0.3175674622401586 0.4036637349609489 0.4615219849948833 0.5065923462952369 0.5456371885542691 0.5503059885923003 0.5182380305338414 0.48271834441929445 0.45086236908168925 0.4193228713992467 0.40682414042940224 0.41532040552755317 0.42252913507488077 0.43002752973250047 0.4058951007438166 
0.01000000000000009 0.042515037790214906 0.1070597738401272 0.2020433460916232 0.30478001263426857 0.3999023182210373 0.49467250671798385 0.5327415192144648 0.5257125775438026 0.5167437398929092 0.49651741418966716 0.45613806842080235 0.4221585082542116 0.4260800734905774 0.4264177077017079 0.3932187873367989 0.37572744458380575 0.3358913396268555 0.2544329348410376 0.15894486015138243 
0.010000000000000037 0.033076799670113975 0.09168387002085787 0.1785930598557175 0.28580865117450177 0.39603858278513693 0.4931782684081532 0.5729007065369562 0.626723427273964 0.62489299725613 0.5852297463751838 0.5229093775235341 0.43038005069017177 0.3310497594448083 0.2439870330694878 0.18329436736328528 0.1677210541432708 0.19198506137767368 0.2589001859197588 0.33427210920235856 
0.010000000000000026 0.023609220844307083 0.054558559656885997 0.10037984475364985 0.1622045286068401 0.23613189757601516 0.316131976306607 0.3847597614099429 0.4497052809204723 0.5142184378557806 0.5482047271515154 0.5572534645932875 0.5720965218084031 0.5545459995145982 0.5052949716843181 0.4538936202165846 0.3850842972757052 0.3256142184662039 0.2719293863105878 0.21592126208440307 
0.009999999999999985 0.03101592646666174 0.09017675523213438 0.17946107714754375 0.28428862128828314 0.4044516484234379 0.5259544366212127 0.6177506051255991 0.6877474233009376 0.724001261159045 0.7150483482067589 0.6794922631260846 0.6098192852855345 0.5104839837446862 0.4061053427942354 0.3162790747965065 0.2542484468530556 0.2223486910577612 0.21752874197454786 0.2536810267351672 
0.009999999999999941 0.03585865255179561 0.10665840062651122 0.2066366445574738 0.32953868425093397 0.46155596921226955 0.565535909022102 0.6439442170176463 0.705094939925016 0.7157249513814911 0.6865176622089444 0.6402385573531141 0.5749346772156203 0.5198579920742327 0.4886034315939083 0.4496274857280511 0.4246412730808591 0.42791526504698035 0.41816830801158716 0.38112806774587865 
0.00999999999999998 0.03568787341213677 0.09513735169254724 0.18277654304029692 0.30245239481769814 0.4369736375105382 0.568396176390051 0.6817178261700841 0.7692267766756081 0.8216560540600804 0.8444043950399153 0.8270331136744589 0.7378558312563643 0.61956878601714 0.49411441574237785 0.35740291108661276 0.22247306373251705 0.11372907962658292 0.054632685031836686 0.03700898979042521 
0.010000000000000021 0.031019447021205848 0.08292622601857141 0.15929073840447702 0.2669729605665281 0.38931764682183706 0.5055260955653645 0.6219068933182929 0.7271442409913232 0.7942953465864931 0.8316312039666459 0.8464255630128541 0.8150776765095653 0.7440909231377519 0.6387216786100057 0.512302851076902 0.3937999870341014 0.2799940080397083 0.17762976016317275 0.110057910244085 
0.009999999999999945 0.03589924582285955 0.09882535843530733 0.195298588480178 0.32068725304617524 0.45794861956837346 0.6054538987047321 0.7273018848579328 0.806255697429258 0.8683947849461654 0.8923618472973166 0.8589992970052468 0.7756263776780944 0.6404424521601645 0.4967630582992668 0.34798695119526796 0.2020931580036791 0.09430547262724874 0.02768811826759744 0.014606728495153765 
0.009999999999999985 0.03338960426322817 0.09233864902596522 0.18519902030954352 0.3049279111420391 0.42742715239576623 0.5530954340116965 0.6691108165847955 0.7533197434156461 0.8060411040021737 0.8166668309326498 0.7844436940140369 0.7304054577297242 0.6439855170199672 0.5337820615989174 0.42640702207630615 0.338693219015902 0.27658029952918045 0.23741652097665944 0.22928627457024353 
0.010000000000000038 0.029364111817634885 0.0753152303962064 0.14431657889769003 0.23820844223513982 0.34244628833897045 0.454016977889661 0.560616127343205 0.6428040751633859 0.7103225333954176 0.7611882832024902 0.7787797419998942 0.766301135885311 0.7294803452879929 0.6714946069222529 0.6020340734026769 0.5261283538022553 0.460029057091641 0.4069053399779912 0.3648561653642737 
0.010000000000000024 0.04168105892527002 0.12609492866519595 0.2539862476123416 0.4121268948574948 0.572452473569207 0.7200342882981113 0.8334351349522434 0.8874344538867581 0.8873115769932617 0.8365641100993734 0.718995463385857 0.5587277451553141 0.3793718971655012 0.21976765491567085 0.10545147618992308 0.04402386240764072 0.05347906785235679 0.1297720426466129 0.260066211996003 
0.010000000000000004 0.03298641391223072 0.10031096040472844 0.20661634649475677 0.3381653971296803 0.47702429300489074 0.613744372862992 0.737403149141843 0.8270596451711544 0.8740356564887678 0.8825597626074604 0.8406932541853144 0.7485211203096135 0.6297290816836586 0.493511011464235 0.357162430497201 0.24440067565088264 0.16145666627617186 0.11982472388333539 0.12363380038436704 
0.009999999999999858 0.03771353358369137 0.10807178169386007 0.21147602691715728 0.34940826409420284 0.5006874745556191 0.6369934746507105 0.7518448702534095 0.8393659241335953 0.8808805227985448 0.8716491702475485 0.8157267308357593 0.7123075924154638 0.5713034166479994 0.42637929047992057 0.2916642041109387 0.1818834735880566 0.11845243781613483 0.1023313754414492 0.13535642987138366 
