0.010000000000000023 0.004697392099819352 0.006790308816498364 0.011806068880284182 0.006746616285791544 0.01774500271758587 0.01372189946184613 0.006784992619995896 0.0024583116742631617 0.007117351488420346 0.007407990002811841 0.008232461841716995 0.01554790074495353 0.0017780960266522495 0.006366021181121008 0.016753932944894658 0.007090428904171701 0.01844344892227801 0.006059550444652499 0.0023118636671659765 
0.010000000000000012 0.032521025309018584 0.021659746021139677 0.0545636404204473 0.035038873347152506 0.04355328783693859 0.03944182055670914 0.04246093334488553 0.02551699740351212 0.014448030291085108 0.011841129472414542 0.022342495839559797 0.00830086674931622 0.018202531281229527 0.006331577922857677 0.009516714040550512 0.0018136106167807994 0.01157015671120136 0.009317056555983638 0.013093643539299853 
0.009999999999999893 0.017725542107681888 0.02704127343936491 0.0337365303836937 0.038889927947812424 0.05397919109021476 0.07528486159113755 0.07982347343166002 0.07825719783617885 0.07763101268337301 0.08965751584462925 0.09884394676946842 0.10028314663411018 0.09632913165228049 0.0871945961355003 0.07773858062670057 0.08048837043392384 0.09924015699759625 0.08204554876955471 0.07775492605238007 
0.00999999999999981 0.018063682132592664 0.03163434060359347 0.0584942373641195 0.11478374860303743 0.16321675707957548 0.23723270950517505 0.31252668246126014 0.34707580292588186 0.3929764853889597 0.451506893737042 0.48169656090969815 0.5225658471366859 0.47898678620056967 0.4498309098387222 0.4501164884210265 0.407199009613068 0.3505706434103097 0.28320663673532076 0.24523999719407533 
0.00999999999999997 0.015016634713692797 0.035953831418499865 0.04358231575445345 0.04596899438164521 0.07222148761844734 0.11478790212752153 0.14453540815224133 0.16064734223183488 0.16986146506020106 0.19779671169560215 0.24088134036978825 0.26878733869508137 0.2748740709767669 0.2644807299171671 0.2694777662417272 0.2522210230643527 0.26290316407950515 0.2342552024714612 0.21030608890659608 
0.010000000000000155 0.034637094270868016 0.09234036437483231 0.13490015521201443 0.16246340708748946 0.20588870165652118 0.26623639845782526 0.3761922889182722 0.4811118124083925 0.5539634094463672 0.5916485074086282 0.6074995066784508 0.6446350787926296 0.5962546001134215 0.5684431972943018 0.5508547280724919 0.5144824660587155 0.4068446374609581 0.28804299268585437 0.2294610713418551 
0.01000000000000012 0.03283908422389905 0.06982349025654705 0.1033487781621486 0.13710455848345604 0.19127496575939812 0.2861100587370155 0.3880672451506646 0.45825330491357025 0.5287599890804953 0.5881398146983005 0.6338774328368666 0.692007557558744 0.7441534359883921 0.7550457710769177 0.7305046314417897 0.680644981338208 0.6333438382525304 0.581849584544436 0.5060910200281522 
0.010000000000000137 0.037815891573339006 0.1103407811034912 0.19337024483074933 0.3223010729001412 0.4660341343610024 0.5659137867165799 0.6885240644951942 0.7775322311350078 0.7915418704553453 0.7601569232017524 0.6952382266788442 0.5863105076463044 0.4423547873817134 0.3066161444800637 0.1636697686727338 0.06810467010287038 0.01650413586419816 0.024256703020152544 0.08005352990959355 
0.009999999999999929 0.04223734558877694 0.08042277110781626 0.12506372146345496 0.20382528118713353 0.29128013594983765 0.4134296119862231 0.5249857446721196 0.5977049995287353 0.6615628894573311 0.7195484868488116 0.7995752608241854 0.7978483070628704 0.7392657084725347 0.7444978062832329 0.6546059117316742 0.5066456119527052 0.43878834247311715 0.3295850072004399 0.21635990049003762 
0.01000000000000011 0.023872909874219854 0.05939265580788787 0.11837700019931077 0.20416883058753094 0.30106565749967906 0.4062952160885035 0.5059275132585053 0.5912319926055243 0.6874840089294537 0.7658731244161592 0.8160937129970127 0.8521761758651656 0.8363772802317716 0.7983756126778927 0.7339600271801611 0.6287962489169887 0.5356256935455128 0.4284482417324142 0.2999732381442344 
0.010000000000000092 0.028649253308911306 0.080332854997356 0.1625244662225743 0.2616331213790007 0.36724456372363135 0.48355620607768013 0.6050703988336842 0.7047135900886596 0.7642583500392153 0.7969535001169183 0.7893052428391755 0.7355755561654859 0.6669604493552205 0.5740943109464447 0.4359912409027513 0.2883736006718871 0.17958178453107687 0.09733454561621109 0.026764072626695515 
0.010000000000000004 0.034277710696396915 0.09086810782832944 0.16975661348305474 0.2776625351536174 0.4052094904223946 0.5353691942831258 0.6439198624330338 0.7105167537039562 0.7505059436487083 0.7782368648230593 0.7647527434661274 0.6893791088454033 0.5725791378509607 0.4330134516508729 0.30363061470569097 0.1894734502609376 0.0861268298351289 0.02607832547575952 0.013069021640077163 
0.009999999999999953 0.06022025848489352 0.1741389156772767 0.31720166984849496 0.4913903562051519 0.6677879587361564 0.7949296679569748 0.8437373111027033 0.807324881492564 0.6876445223875702 0.5208927434135299 0.3412854543785016 0.16850849775896443 0.03956623567971729 0.01820766715593303 0.08902410834316547 0.2386404108957012 0.4291162234083518 0.6222498689641641 0.7815119169416945 
0.010000000000000104 0.021738377054398073 0.05319454989040741 0.10357410122936041 0.17226808594934132 0.25215334148497304 0.3442634427915938 0.44567653884075864 0.5416110362642479 0.6307555930038612 0.7174135058849838 0.8009819849381697 0.8611605309315513 0.8962675161749226 0.9063383054758024 0.8900052629980211 0.8500544284895118 0.7857992358004586 0.7019904621858513 0.6050059250958195 
0.010000000000000018 0.028663912399806705 0.0725664316436427 0.13419013731359403 0.22909323896148887 0.3475221313086875 0.4516529925828302 0.5516888654566636 0.6723245444359396 0.7742895674306111 0.8310473371180533 0.8714946098504371 0.893150368488132 0.8746254880620686 0.8053421427201344 0.7141220919683406 0.6101217898512652 0.4792984688835524 0.3551371464499386 0.23931319284297606 
0.009999999999999953 0.03336417007910299 0.0967359755568329 0.19046048177287087 0.31279616584372827 0.45110840448357653 0.5918912290906495 0.7240385310942516 0.8152162903332237 0.8699320865510931 0.9055077008116083 0.8889884559514764 0.8205815050892288 0.7033541541665017 0.5437932487772204 0.39977063163701854 0.2615274816630748 0.13360930895242445 0.04600561649201153 0.011453013539163677 
0.010000000000000198 0.03598524783469272 0.11346884724584018 0.23268796172085185 0.37819342748490975 0.5344816500813205 0.6774285250314895 0.792981605397304 0.8758102227401406 0.9048697232089251 0.8746669280874037 0.7873301899052976 0.6477447566432033 0.4835028274241841 0.31594238415196507 0.1619219722670465 0.058166078973204485 0.011311357970899162 0.030270466288708796 0.11228943050801836 
0.010000000000000092 0.04416138784438656 0.13258235790528547 0.2784901117817262 0.4568914014284926 0.6125761851892758 0.75600372130477 0.8721801630165433 0.9171827215595729 0.898899747324984 0.8170508180132332 0.6559593212949735 0.4723417332748375 0.29496623595738114 0.1339747034271871 0.03132132052317213 0.013912812785602961 0.07154441133101003 0.19784030188853924 0.3737239967351491 
0.01000000000000003 0.029618925500682187 0.08315358027151364 0.17098165389844186 0.28897135821761294 0.4156837034275332 0.5432934085181937 0.6687618018417164 0.7802537394610787 0.8705300797022779 0.9239197518431577 0.9308546784717295 0.8995497668032544 0.8241309901523725 0.7099815705130332 0.5788062240643229 0.42983188977870085 0.28437183618633916 0.16213939856292536 0.06888257691947886 
0.010000000000000142 0.03481500654840117 0.09646665501266749 0.19356072197829757 0.32506609387992147 0.45926093426324865 0.5897719963331027 0.7155554492712487 0.8023654784234285 0.8490115571809962 0.8702398395876297 0.833437430173933 0.731500510666117 0.6045060171489929 0.46312252508409585 0.3125404286966697 0.1722812475582421 0.07090334678660298 0.01928419101499567 0.016655656161910132 
