0.010000000000000018 0.017185808940692167 0.02116472105575347 0.019382331017657004 0.030567838981404215 0.04556605161712138 0.03758772392092573 0.023142728034217772 0.029062601001151447 0.022120383704514614 0.022646845852877674 0.027046265592312713 0.03480714298427152 0.035220661797756375 0.03669198276441555 0.038492681716972774 0.039580564854601034 0.03185407382181562 0.016023478100253792 0.028192869009423124 0.013988344863849873 0.02385692754092025 0.032635381885394166 0.023497598492161292 0.02930764366606192 0.03382102172271131 0.03212738064968215 0.03626983845401582 0.04174427206101275 0.021170522020079043 
0.010000000000000035 0.016417190873373524 0.028327424307875708 0.039217373545266006 0.047693752430768 0.053654362594471185 0.06465970413369015 0.08257591936998677 0.10127421164378961 0.11435550452318487 0.11964132222496592 0.12461402099643115 0.128350158203384 0.1278755504113449 0.136528682417743 0.15586054247646988 0.1687183110295789 0.16183081574543062 0.14597778618776466 0.1510058454697148 0.16025652169270632 0.11889383469030167 0.08867497552393783 0.051709203891644545 0.03859681119419359 0.033683050035117804 0.03689547086391526 0.036697523584939794 0.052208325887039636 0.05785220287754274 
0.01000000000000003 0.009928744317291644 0.011111083465322882 0.015940576328040242 0.02659841681089517 0.04396962758818131 0.06335623207010746 0.07713015717808756 0.08452436836080084 0.08959718805455757 0.09206209449128745 0.09312759360159112 0.10252540390038783 0.12418596247457087 0.14521137624278807 0.1525901914289634 0.14897936056331165 0.1436302473865338 0.1414143312287893 0.1442872062982182 0.15301690213984703 0.12719897307918243 0.0916985574527428 0.0697601009922368 0.030125681583560944 0.008769699549435852 0.005708871169558245 0.01073962411962039 0.04276920306686057 0.08269630614875972 
0.010000000000000033 0.018979385115913322 0.03884905931651874 0.056499651747007745 0.0685185590657852 0.08486366686595734 0.11306268649296872 0.14532428825290017 0.1702410423417855 0.19090044259695899 0.21955941762330083 0.25971930546821753 0.3051069418260639 0.3497210498029588 0.38742105659493764 0.4105872260453519 0.4210214965166023 0.4312171432748889 0.44372304342129054 0.4439222589190356 0.4047993215427983 0.39970586455319224 0.3413667347675214 0.2626005213958763 0.1802476970340277 0.10257085305077063 0.04673309875109492 0.027866277794973582 0.036235761820003175 0.05556773877660554 
0.009999999999999863 0.01362044307668327 0.023116504315030553 0.03736708688631041 0.05807982862727082 0.08572239860486253 0.11595248176328192 0.14443037867589537 0.17311985413649555 0.20731116227781504 0.24699309631701677 0.2849655401164626 0.3144930944089292 0.33742977662332296 0.36398290687130047 0.4033059932473547 0.4525108633230025 0.49601313824033655 0.5195883405114623 0.5258361139504946 0.5525095236364532 0.5827124237091166 0.5382173390939446 0.5030756110593988 0.43924451061585523 0.3522227073283975 0.28756110361499365 0.2607726061199961 0.22092724634519334 0.1857706330067086 
0.009999999999999898 0.013655636967134177 0.02595772598598975 0.04849791250277598 0.08016563272479865 0.11801284359130645 0.1585028598549061 0.19683697414058157 0.22937322161435206 0.25958261695645407 0.29732924506253766 0.3477078894895725 0.4033241347671953 0.4519146984405762 0.4890814665900041 0.5189104354368277 0.5446748204278448 0.5653149684628005 0.5806000089907666 0.5930733656652313 0.6009894057647776 0.5350533150229915 0.4493365693858623 0.3679611514777519 0.27764692452336914 0.19506156975975233 0.14218682813312358 0.10586693974338897 0.10471754861559981 0.1443918603259398 
0.009999999999999972 0.015158288439227008 0.029254296166066063 0.049325438046074956 0.0727674862428784 0.09826489679164054 0.12645349029292843 0.160347369613799 0.20297656893429816 0.2526229948800492 0.3019607955797051 0.34459570089308644 0.38154560382422514 0.41805085681583876 0.45429273551566685 0.4835693622872683 0.5014470547582881 0.5128387806697998 0.5261266419844441 0.5420448954862074 0.5504005582622211 0.5200039550724634 0.48423067982027224 0.42860247910154203 0.3893565493434469 0.3814990317653003 0.39036716556107476 0.4130215354095541 0.4834759614585637 0.5517782236736225 
0.010000000000000064 0.014151648472250457 0.026081773887144433 0.04441504515696266 0.06754657647200979 0.0945072001388634 0.1254589645608126 0.16122768135512847 0.202086037459208 0.2468564994930071 0.29328237455671613 0.33947026146428594 0.3850896417099253 0.4310131006589562 0.47735817006899883 0.521564816204636 0.5587463697152114 0.5849964840049495 0.6012722468973577 0.6137324656237946 0.6480744899399937 0.6468204761797709 0.5788548292637321 0.5234268932555829 0.42596886788998334 0.3179881642520356 0.22449454513234207 0.13963255557989945 0.08109395006671427 0.048385295307182705 
0.009999999999999901 0.016037572727729696 0.03220647049574073 0.054554152979545315 0.08068489530238371 0.11116654453999553 0.14753566920281716 0.18956236495937834 0.23503365906138474 0.2819855987364308 0.33028072602373537 0.3805169049854318 0.43190875346741403 0.4820201342440777 0.5284033314680727 0.5694634561207819 0.6033709353494823 0.6274738348641736 0.6406120688358407 0.6461530689740447 0.659738626072151 0.6598194482906762 0.5983597508160159 0.5371388625740817 0.4829024991472687 0.44950265502076137 0.4287709546003466 0.4207793362468699 0.45372112739614934 0.4923369179223395 
0.01000000000000005 0.018495803615654727 0.04146254534649812 0.07341565025056289 0.10998903855334446 0.15014643105980158 0.19518409078117555 0.24634236535052986 0.3031526768484878 0.3631322261560056 0.4227175107598147 0.4791877234405376 0.5322031213689041 0.582754824524359 0.6295644651141846 0.6668612809455079 0.6874110967625424 0.6889100327235578 0.6769007044606834 0.6603658337554266 0.6257737400486426 0.5682681801322527 0.4986873119526436 0.4342312547521538 0.38507883749241956 0.37569307653696293 0.4253516404431141 0.4650811498954948 0.5181186452657063 0.5331579067176787 
0.00999999999999985 0.01622844612801373 0.03294438036613373 0.055990524971945 0.08281158755319273 0.1148827794503346 0.156149324899342 0.20843353761425643 0.26823613991604 0.3286702115821556 0.3851270025343071 0.4388969634147406 0.49474698880019624 0.5549854364774631 0.6163899981205561 0.6728847738712291 0.7202685092649959 0.7576646224718467 0.7852981077447219 0.8028626780616459 0.8130542294841787 0.809119937973824 0.7584113252312665 0.6489258541857297 0.5075193925986166 0.36992694315351027 0.2547140111283161 0.1433379593669592 0.07199715669712559 0.033628509797920335 
0.009999999999999887 0.014518757021095804 0.027033718121208843 0.04528659003129357 0.06752904834748355 0.0934987546207479 0.124025972183539 0.16001627261936274 0.20171116334336003 0.24830320896260297 0.29763921863738424 0.34634502225799246 0.39101977440139957 0.43015626197341306 0.46512672576987296 0.49887937972363644 0.5331248714036002 0.5665165409002815 0.5955224603432758 0.6170615228436355 0.6371637266462485 0.6323918510143993 0.605185991241827 0.5558383720626566 0.5058672195308757 0.47269051124537076 0.44366350796710663 0.43349781544410965 0.45034062977773437 0.49734990163770776 
0.009999999999999886 0.017036532340575204 0.036787491547293 0.06590212647609758 0.10083578616018124 0.13969450292427443 0.18291985684381346 0.23228051217314288 0.28889282117510795 0.3517783576360661 0.41794172387718603 0.48357739782390835 0.5452022622860656 0.6000286502464176 0.6459496752395082 0.6817629157184635 0.7075295504190198 0.7244141533753297 0.7338522726606371 0.7367856174722691 0.7236127774809791 0.6796849743084599 0.597097229402209 0.501443335204816 0.42660422218663696 0.3658855690379335 0.3402167156798503 0.338018982098679 0.35966523603535855 0.3917951283310902 
0.01000000000000013 0.016899345471710472 0.03613566233285961 0.06446597023479596 0.09937833084957173 0.1409005504413212 0.19107888886785362 0.2513826170917994 0.3201712112701108 0.3925054454027705 0.4626156255195316 0.5269487820918899 0.5852333817476412 0.6389647651619037 0.6891080083290506 0.7351405519334916 0.7756477817275285 0.8089376569425031 0.832676804883782 0.8435675522621312 0.815417178150796 0.7362816402758448 0.6434988132607014 0.5041048214862637 0.36976052096861994 0.26553719495245337 0.17657054434263159 0.1369953940931815 0.1439515191824079 0.19248789035439723 
0.009999999999999933 0.014114002427561525 0.025111258172761327 0.040232761636841245 0.057857765083561684 0.07879701604412223 0.10507728190770281 0.13749484272212814 0.1744301077275577 0.21310650955579197 0.2519852223777607 0.29183184769391857 0.33432581388467625 0.379557839612684 0.42490488638544577 0.46646660667995354 0.5017991627769792 0.531476121151544 0.5581472076962672 0.5840687451257566 0.634402220173738 0.6675752954195221 0.6727574963503282 0.6491941906813609 0.613102998575553 0.5792331734272804 0.5316967561405418 0.4839270015612442 0.4632248938871286 0.46058741016312893 
0.009999999999999997 0.01447309007440729 0.026956058801147605 0.04542152550253382 0.06834701773924945 0.09564691282635904 0.1282118344392715 0.16670649498930637 0.21083448282764372 0.2595414779999502 0.3115515920854031 0.3654535712726772 0.41938441160858975 0.4710967296591411 0.5188534570258694 0.5624906334257229 0.6034425912803365 0.6433361822163167 0.6822181460265141 0.7180317760808712 0.7720139869415107 0.7946198521593659 0.7826532449072192 0.7365612748322363 0.6764462483863302 0.5953850314161673 0.4992240462463401 0.4180505864937002 0.3445529706708346 0.2831190797387321 
0.010000000000000045 0.014682918306133429 0.028201259355579024 0.04928819197237119 0.07662497687834305 0.10933357818992778 0.14702916621346712 0.18964110660934413 0.23726688284218878 0.2899836726835103 0.3473666397557251 0.40782819275866516 0.4684227309466784 0.5256904123802079 0.5772395814051942 0.6228727755191252 0.6641804462341281 0.7027709431418172 0.7385692579919583 0.7696218516505056 0.8100935801891805 0.8138524504340343 0.77808589305123 0.7064115175276158 0.6149063534424666 0.506434799527127 0.39694403697535113 0.303352927205652 0.22748137746550384 0.17686787998036657 
0.009999999999999901 0.013975850163873108 0.02534007183992224 0.042924050177078114 0.06598699742049924 0.09471213407144663 0.12966625165002926 0.1707616532716064 0.21673203715436076 0.2656011463560004 0.3156729547611753 0.36615447658930206 0.4169668710572304 0.46806144860141474 0.5188772377608484 0.5682754384739767 0.6148247296743323 0.6571683625126402 0.6943535032551923 0.7260825491974001 0.7770440566704366 0.8081272661418386 0.7999992246021979 0.762888870313738 0.7127301713303864 0.6422969797707805 0.5689304559550128 0.5028191826565556 0.44311108044773606 0.40528835895495 
0.00999999999999995 0.013683250589722739 0.02441714860242218 0.04149452052861942 0.06427722829552256 0.0923999878739466 0.12558284688571048 0.16340373752843715 0.2054103222609064 0.25145009852765143 0.3016658412357077 0.3558440437474149 0.41258355766864496 0.4692317059367105 0.5230388183217958 0.5728100056245471 0.6196067934811291 0.6656343532752661 0.7119957402931322 0.7571366432720986 0.8323926168698081 0.8741575637431428 0.8948499988903025 0.8797621263350679 0.8168395212024351 0.7362795200009398 0.6386494972786889 0.5173129751614172 0.3962505510976828 0.28806158112346647 
0.010000000000000064 0.016756856090197954 0.03604632102177239 0.0654924510835606 0.10266288447867972 0.14629591500121733 0.19655216734933562 0.25404033246368224 0.3182453563994862 0.3865252001673432 0.4545532600694457 0.5180507695325285 0.5746051533911328 0.6241836477854479 0.6679015768861648 0.7060150211939815 0.7368134307958836 0.7574144677826349 0.7658837063375548 0.7629239523642305 0.7335409987664583 0.679879738441683 0.5951714709574383 0.5094521457533789 0.4564516138304265 0.42734152172426976 0.42860659342618174 0.4615078513029584 0.5044613917701704 0.5436158461235765 
