0.011357747174535148 0.011357747174535148 0.011357747174535148 0.011357747174535148 0.011357747174535148 0.011357747174535148 0.011357747174535148 0.011357747174535148 0.011357747174535148 0.011357747174535148 0.011357747174535148 0.011357747174535148 0.011357747174535148 0.011357747174535148 0.011357747174535148 0.011357747174535148 0.011357747174535148 0.011357747174535148 0.011357747174535148 0.011357747174535148 0.011357747174535148 0.011357747174535148 0.011357747174535148 0.011357747174535148 0.011357747174535148 0.011357747174535148 0.011357747174535148 0.011357747174535148 0.011357747174535148 0.011357747174535148 
0.022084508394929453 0.022084508394929453 0.022084508394929453 0.022084508394929453 0.022084508394929453 0.022084508394929453 0.022084508394929453 0.022084508394929453 0.022084508394929453 0.022084508394929453 0.022084508394929453 0.022084508394929453 0.022084508394929453 0.022084508394929453 0.022084508394929453 0.022084508394929453 0.022084508394929453 0.022084508394929453 0.022084508394929453 0.022084508394929453 0.022084508394929453 0.022084508394929453 0.022084508394929453 0.022084508394929453 0.022084508394929453 0.022084508394929453 0.022084508394929453 0.022084508394929453 0.022084508394929453 0.022084508394929453 
0.03281126961532376 0.03281126961532376 0.03281126961532376 0.03281126961532376 0.03281126961532376 0.03281126961532376 0.03281126961532376 0.03281126961532376 0.03281126961532376 0.03281126961532376 0.03281126961532376 0.03281126961532376 0.03281126961532376 0.03281126961532376 0.03281126961532376 0.03281126961532376 0.03281126961532376 0.03281126961532376 0.03281126961532376 0.03281126961532376 0.03281126961532376 0.03281126961532376 0.03281126961532376 0.03281126961532376 0.03281126961532376 0.03281126961532376 0.03281126961532376 0.03281126961532376 0.03281126961532376 0.03281126961532376 
0.04353803083571807 0.04353803083571807 0.04353803083571807 0.04353803083571807 0.04353803083571807 0.04353803083571807 0.04353803083571807 0.04353803083571807 0.04353803083571807 0.04353803083571807 0.04353803083571807 0.04353803083571807 0.04353803083571807 0.04353803083571807 0.04353803083571807 0.04353803083571807 0.04353803083571807 0.04353803083571807 0.04353803083571807 0.04353803083571807 0.04353803083571807 0.04353803083571807 0.04353803083571807 0.04353803083571807 0.04353803083571807 0.04353803083571807 0.04353803083571807 0.04353803083571807 0.04353803083571807 0.04353803083571807 
0.05426479205611237 0.05426479205611237 0.05426479205611237 0.05426479205611237 0.05426479205611237 0.05426479205611237 0.05426479205611237 0.05426479205611237 0.05426479205611237 0.05426479205611237 0.05426479205611237 0.05426479205611237 0.05426479205611237 0.05426479205611237 0.05426479205611237 0.05426479205611237 0.05426479205611237 0.05426479205611237 0.05426479205611237 0.05426479205611237 0.05426479205611237 0.05426479205611237 0.05426479205611237 0.05426479205611237 0.05426479205611237 0.05426479205611237 0.05426479205611237 0.05426479205611237 0.05426479205611237 0.05426479205611237 
0.06499155327650669 0.06499155327650669 0.06499155327650669 0.06499155327650669 0.06499155327650669 0.06499155327650669 0.06499155327650669 0.06499155327650669 0.06499155327650669 0.06499155327650669 0.06499155327650669 0.06499155327650669 0.06499155327650669 0.06499155327650669 0.06499155327650669 0.06499155327650669 0.06499155327650669 0.06499155327650669 0.06499155327650669 0.06499155327650669 0.06499155327650669 0.06499155327650669 0.06499155327650669 0.06499155327650669 0.06499155327650669 0.06499155327650669 0.06499155327650669 0.06499155327650669 0.06499155327650669 0.06499155327650669 
0.07571831449690099 0.07571831449690099 0.07571831449690099 0.07571831449690099 0.07571831449690099 0.07571831449690099 0.07571831449690099 0.07571831449690099 0.07571831449690099 0.07571831449690099 0.07571831449690099 0.07571831449690099 0.07571831449690099 0.07571831449690099 0.07571831449690099 0.07571831449690099 0.07571831449690099 0.07571831449690099 0.07571831449690099 0.07571831449690099 0.07571831449690099 0.07571831449690099 0.07571831449690099 0.07571831449690099 0.07571831449690099 0.07571831449690099 0.07571831449690099 0.07571831449690099 0.07571831449690099 0.07571831449690099 
0.0864450757172953 0.0864450757172953 0.0864450757172953 0.0864450757172953 0.0864450757172953 0.0864450757172953 0.0864450757172953 0.0864450757172953 0.0864450757172953 0.0864450757172953 0.0864450757172953 0.0864450757172953 0.0864450757172953 0.0864450757172953 0.0864450757172953 0.0864450757172953 0.0864450757172953 0.0864450757172953 0.0864450757172953 0.0864450757172953 0.0864450757172953 0.0864450757172953 0.0864450757172953 0.0864450757172953 0.0864450757172953 0.0864450757172953 0.0864450757172953 0.0864450757172953 0.0864450757172953 0.0864450757172953 
0.0971718369376896 0.0971718369376896 0.0971718369376896 0.0971718369376896 0.0971718369376896 0.0971718369376896 0.0971718369376896 0.0971718369376896 0.0971718369376896 0.0971718369376896 0.0971718369376896 0.0971718369376896 0.0971718369376896 0.0971718369376896 0.0971718369376896 0.0971718369376896 0.0971718369376896 0.0971718369376896 0.0971718369376896 0.0971718369376896 0.0971718369376896 0.0971718369376896 0.0971718369376896 0.0971718369376896 0.0971718369376896 0.0971718369376896 0.0971718369376896 0.0971718369376896 0.0971718369376896 0.0971718369376896 
0.1078985981580839 0.1078985981580839 0.1078985981580839 0.1078985981580839 0.1078985981580839 0.1078985981580839 0.1078985981580839 0.1078985981580839 0.1078985981580839 0.1078985981580839 0.1078985981580839 0.1078985981580839 0.1078985981580839 0.1078985981580839 0.1078985981580839 0.1078985981580839 0.1078985981580839 0.1078985981580839 0.1078985981580839 0.1078985981580839 0.1078985981580839 0.1078985981580839 0.1078985981580839 0.1078985981580839 0.1078985981580839 0.1078985981580839 0.1078985981580839 0.1078985981580839 0.1078985981580839 0.1078985981580839 
0.11357747174535147 0.11357747174535147 0.11357747174535147 0.11357747174535147 0.11357747174535147 0.11357747174535147 0.11357747174535147 0.11357747174535147 0.11357747174535147 0.11357747174535147 0.11357747174535147 0.11357747174535147 0.11357747174535147 0.11357747174535147 0.11357747174535147 0.11357747174535147 0.11357747174535147 0.11357747174535147 0.11357747174535147 0.11357747174535147 0.11357747174535147 0.11357747174535147 0.11357747174535147 0.11357747174535147 0.11357747174535147 0.11357747174535147 0.11357747174535147 0.11357747174535147 0.11357747174535147 0.11357747174535147 
0.1261971908281683 0.1261971908281683 0.1261971908281683 0.1261971908281683 0.1261971908281683 0.1261971908281683 0.1261971908281683 0.1261971908281683 0.1261971908281683 0.1261971908281683 0.1261971908281683 0.1261971908281683 0.1261971908281683 0.1261971908281683 0.1261971908281683 0.1261971908281683 0.1261971908281683 0.1261971908281683 0.1261971908281683 0.1261971908281683 0.1261971908281683 0.1261971908281683 0.1261971908281683 0.1261971908281683 0.1261971908281683 0.1261971908281683 0.1261971908281683 0.1261971908281683 0.1261971908281683 0.1261971908281683 
0.13881690991098514 0.13881690991098514 0.13881690991098514 0.13881690991098514 0.13881690991098514 0.13881690991098514 0.13881690991098514 0.13881690991098514 0.13881690991098514 0.13881690991098514 0.13881690991098514 0.13881690991098514 0.13881690991098514 0.13881690991098514 0.13881690991098514 0.13881690991098514 0.13881690991098514 0.13881690991098514 0.13881690991098514 0.13881690991098514 0.13881690991098514 0.13881690991098514 0.13881690991098514 0.13881690991098514 0.13881690991098514 0.13881690991098514 0.13881690991098514 0.13881690991098514 0.13881690991098514 0.13881690991098514 
0.15143662899380197 0.15143662899380197 0.15143662899380197 0.15143662899380197 0.15143662899380197 0.15143662899380197 0.15143662899380197 0.15143662899380197 0.15143662899380197 0.15143662899380197 0.15143662899380197 0.15143662899380197 0.15143662899380197 0.15143662899380197 0.15143662899380197 0.15143662899380197 0.15143662899380197 0.15143662899380197 0.15143662899380197 0.15143662899380197 0.15143662899380197 0.15143662899380197 0.15143662899380197 0.15143662899380197 0.15143662899380197 0.15143662899380197 0.15143662899380197 0.15143662899380197 0.15143662899380197 0.15143662899380197 
0.16405634807661879 0.16405634807661879 0.16405634807661879 0.16405634807661879 0.16405634807661879 0.16405634807661879 0.16405634807661879 0.16405634807661879 0.16405634807661879 0.16405634807661879 0.16405634807661879 0.16405634807661879 0.16405634807661879 0.16405634807661879 0.16405634807661879 0.16405634807661879 0.16405634807661879 0.16405634807661879 0.16405634807661879 0.16405634807661879 0.16405634807661879 0.16405634807661879 0.16405634807661879 0.16405634807661879 0.16405634807661879 0.16405634807661879 0.16405634807661879 0.16405634807661879 0.16405634807661879 0.16405634807661879 
0.17667606715943562 0.17667606715943562 0.17667606715943562 0.17667606715943562 0.17667606715943562 0.17667606715943562 0.17667606715943562 0.17667606715943562 0.17667606715943562 0.17667606715943562 0.17667606715943562 0.17667606715943562 0.17667606715943562 0.17667606715943562 0.17667606715943562 0.17667606715943562 0.17667606715943562 0.17667606715943562 0.17667606715943562 0.17667606715943562 0.17667606715943562 0.17667606715943562 0.17667606715943562 0.17667606715943562 0.17667606715943562 0.17667606715943562 0.17667606715943562 0.17667606715943562 0.17667606715943562 0.17667606715943562 
0.18929578624225246 0.18929578624225246 0.18929578624225246 0.18929578624225246 0.18929578624225246 0.18929578624225246 0.18929578624225246 0.18929578624225246 0.18929578624225246 0.18929578624225246 0.18929578624225246 0.18929578624225246 0.18929578624225246 0.18929578624225246 0.18929578624225246 0.18929578624225246 0.18929578624225246 0.18929578624225246 0.18929578624225246 0.18929578624225246 0.18929578624225246 0.18929578624225246 0.18929578624225246 0.18929578624225246 0.18929578624225246 0.18929578624225246 0.18929578624225246 0.18929578624225246 0.18929578624225246 0.18929578624225246 
0.2019155053250693 0.2019155053250693 0.2019155053250693 0.2019155053250693 0.2019155053250693 0.2019155053250693 0.2019155053250693 0.2019155053250693 0.2019155053250693 0.2019155053250693 0.2019155053250693 0.2019155053250693 0.2019155053250693 0.2019155053250693 0.2019155053250693 0.2019155053250693 0.2019155053250693 0.2019155053250693 0.2019155053250693 0.2019155053250693 0.2019155053250693 0.2019155053250693 0.2019155053250693 0.2019155053250693 0.2019155053250693 0.2019155053250693 0.2019155053250693 0.2019155053250693 0.2019155053250693 0.2019155053250693 
0.21453522440788614 0.21453522440788614 0.21453522440788614 0.21453522440788614 0.21453522440788614 0.21453522440788614 0.21453522440788614 0.21453522440788614 0.21453522440788614 0.21453522440788614 0.21453522440788614 0.21453522440788614 0.21453522440788614 0.21453522440788614 0.21453522440788614 0.21453522440788614 0.21453522440788614 0.21453522440788614 0.21453522440788614 0.21453522440788614 0.21453522440788614 0.21453522440788614 0.21453522440788614 0.21453522440788614 0.21453522440788614 0.21453522440788614 0.21453522440788614 0.21453522440788614 0.21453522440788614 0.21453522440788614 
0.22715494349070295 0.22715494349070295 0.22715494349070295 0.22715494349070295 0.22715494349070295 0.22715494349070295 0.22715494349070295 0.22715494349070295 0.22715494349070295 0.22715494349070295 0.22715494349070295 0.22715494349070295 0.22715494349070295 0.22715494349070295 0.22715494349070295 0.22715494349070295 0.22715494349070295 0.22715494349070295 0.22715494349070295 0.22715494349070295 0.22715494349070295 0.22715494349070295 0.22715494349070295 0.22715494349070295 0.22715494349070295 0.22715494349070295 0.22715494349070295 0.22715494349070295 0.22715494349070295 0.22715494349070295 
