0.0 0.7440614179554773 1.4881228359109546 2.232184253866432 2.9762456718219092 3.7203070897773864 4.464368507732864 5.208429925688341 5.9524913436438185 6.696552761599296 7.440614179554773 8.18467559751025 8.928737015465728 9.672798433421205 10.416859851376682 11.16092126933216 11.904982687287637 12.649044105243114 13.393105523198592 14.137166941154069 15.707963267948966 17.453292519943297 19.198621771937624 20.943951023931955 22.689280275926283 24.434609527920614 26.17993877991494 27.925268031909273 29.670597283903604 31.41592653589793 
0.0 0.7440614179554773 1.4881228359109546 2.232184253866432 2.9762456718219092 3.7203070897773864 4.464368507732864 5.208429925688341 5.9524913436438185 6.696552761599296 7.440614179554773 8.18467559751025 8.928737015465728 9.672798433421205 10.416859851376682 11.16092126933216 11.904982687287637 12.649044105243114 13.393105523198592 14.137166941154069 15.707963267948966 17.453292519943297 19.198621771937624 20.943951023931955 22.689280275926283 24.434609527920614 26.17993877991494 27.925268031909273 29.670597283903604 31.41592653589793 
0.0 0.7440614179554773 1.4881228359109546 2.232184253866432 2.9762456718219092 3.7203070897773864 4.464368507732864 5.208429925688341 5.9524913436438185 6.696552761599296 7.440614179554773 8.18467559751025 8.928737015465728 9.672798433421205 10.416859851376682 11.16092126933216 11.904982687287637 12.649044105243114 13.393105523198592 14.137166941154069 15.707963267948966 17.453292519943297 19.198621771937624 20.943951023931955 22.689280275926283 24.434609527920614 26.17993877991494 27.925268031909273 29.670597283903604 31.41592653589793 
0.0 0.7440614179554773 1.4881228359109546 2.232184253866432 2.9762456718219092 3.7203070897773864 4.464368507732864 5.208429925688341 5.9524913436438185 6.696552761599296 7.440614179554773 8.18467559751025 8.928737015465728 9.672798433421205 10.416859851376682 11.16092126933216 11.904982687287637 12.649044105243114 13.393105523198592 14.137166941154069 15.707963267948966 17.453292519943297 19.198621771937624 20.943951023931955 22.689280275926283 24.434609527920614 26.17993877991494 27.925268031909273 29.670597283903604 31.41592653589793 
0.0 0.7440614179554773 1.4881228359109546 2.232184253866432 2.9762456718219092 3.7203070897773864 4.464368507732864 5.208429925688341 5.9524913436438185 6.696552761599296 7.440614179554773 8.18467559751025 8.928737015465728 9.672798433421205 10.416859851376682 11.16092126933216 11.904982687287637 12.649044105243114 13.393105523198592 14.137166941154069 15.707963267948966 17.453292519943297 19.198621771937624 20.943951023931955 22.689280275926283 24.434609527920614 26.17993877991494 27.925268031909273 29.670597283903604 31.41592653589793 
0.0 0.7440614179554773 1.4881228359109546 2.232184253866432 2.9762456718219092 3.7203070897773864 4.464368507732864 5.208429925688341 5.9524913436438185 6.696552761599296 7.440614179554773 8.18467559751025 8.928737015465728 9.672798433421205 10.416859851376682 11.16092126933216 11.904982687287637 12.649044105243114 13.393105523198592 14.137166941154069 15.707963267948966 17.453292519943297 19.198621771937624 20.943951023931955 22.689280275926283 24.434609527920614 26.17993877991494 27.925268031909273 29.670597283903604 31.41592653589793 
0.0 0.7440614179554773 1.4881228359109546 2.232184253866432 2.9762456718219092 3.7203070897773864 4.464368507732864 5.208429925688341 5.9524913436438185 6.696552761599296 7.440614179554773 8.18467559751025 8.928737015465728 9.672798433421205 10.416859851376682 11.16092126933216 11.904982687287637 12.649044105243114 13.393105523198592 14.137166941154069 15.707963267948966 17.453292519943297 19.198621771937624 20.943951023931955 22.689280275926283 24.434609527920614 26.17993877991494 27.925268031909273 29.670597283903604 31.41592653589793 
0.0 0.7440614179554773 1.4881228359109546 2.232184253866432 2.9762456718219092 3.7203070897773864 4.464368507732864 5.208429925688341 5.9524913436438185 6.696552761599296 7.440614179554773 8.18467559751025 8.928737015465728 9.672798433421205 10.416859851376682 11.16092126933216 11.904982687287637 12.649044105243114 13.393105523198592 14.137166941154069 15.707963267948966 17.453292519943297 19.198621771937624 20.943951023931955 22.689280275926283 24.434609527920614 26.17993877991494 27.925268031909273 29.670597283903604 31.41592653589793 
0.0 0.7440614179554773 1.4881228359109546 2.232184253866432 2.9762456718219092 3.7203070897773864 4.464368507732864 5.208429925688341 5.9524913436438185 6.696552761599296 7.440614179554773 8.18467559751025 8.928737015465728 9.672798433421205 10.416859851376682 11.16092126933216 11.904982687287637 12.649044105243114 13.393105523198592 14.137166941154069 15.707963267948966 17.453292519943297 19.198621771937624 20.943951023931955 22.689280275926283 24.434609527920614 26.17993877991494 27.925268031909273 29.670597283903604 31.41592653589793 
0.0 0.7440614179554773 1.4881228359109546 2.232184253866432 2.9762456718219092 3.7203070897773864 4.464368507732864 5.208429925688341 5.9524913436438185 6.696552761599296 7.440614179554773 8.18467559751025 8.928737015465728 9.672798433421205 10.416859851376682 11.16092126933216 11.904982687287637 12.649044105243114 13.393105523198592 14.137166941154069 15.707963267948966 17.453292519943297 19.198621771937624 20.943951023931955 22.689280275926283 24.434609527920614 26.17993877991494 27.925268031909273 29.670597283903604 31.41592653589793 
0.0 0.7440614179554773 1.4881228359109546 2.232184253866432 2.9762456718219092 3.7203070897773864 4.464368507732864 5.208429925688341 5.9524913436438185 6.696552761599296 7.440614179554773 8.18467559751025 8.928737015465728 9.672798433421205 10.416859851376682 11.16092126933216 11.904982687287637 12.649044105243114 13.393105523198592 14.137166941154069 15.707963267948966 17.453292519943297 19.198621771937624 20.943951023931955 22.689280275926283 24.434609527920614 26.17993877991494 27.925268031909273 29.670597283903604 31.41592653589793 
0.0 0.7440614179554773 1.4881228359109546 2.232184253866432 2.9762456718219092 3.7203070897773864 4.464368507732864 5.208429925688341 5.9524913436438185 6.696552761599296 7.440614179554773 8.18467559751025 8.928737015465728 9.672798433421205 10.416859851376682 11.16092126933216 11.904982687287637 12.649044105243114 13.393105523198592 14.137166941154069 15.707963267948966 17.453292519943297 19.198621771937624 20.943951023931955 22.689280275926283 24.434609527920614 26.17993877991494 27.925268031909273 29.670597283903604 31.41592653589793 
0.0 0.7440614179554773 1.4881228359109546 2.232184253866432 2.9762456718219092 3.7203070897773864 4.464368507732864 5.208429925688341 5.9524913436438185 6.696552761599296 7.440614179554773 8.18467559751025 8.928737015465728 9.672798433421205 10.416859851376682 11.16092126933216 11.904982687287637 12.649044105243114 13.393105523198592 14.137166941154069 15.707963267948966 17.453292519943297 19.198621771937624 20.943951023931955 22.689280275926283 24.434609527920614 26.17993877991494 27.925268031909273 29.670597283903604 31.41592653589793 
0.0 0.7440614179554773 1.4881228359109546 2.232184253866432 2.9762456718219092 3.7203070897773864 4.464368507732864 5.208429925688341 5.9524913436438185 6.696552761599296 7.440614179554773 8.18467559751025 8.928737015465728 9.672798433421205 10.416859851376682 11.16092126933216 11.904982687287637 12.649044105243114 13.393105523198592 14.137166941154069 15.707963267948966 17.453292519943297 19.198621771937624 20.943951023931955 22.689280275926283 24.434609527920614 26.17993877991494 27.925268031909273 29.670597283903604 31.41592653589793 
0.0 0.7440614179554773 1.4881228359109546 2.232184253866432 2.9762456718219092 3.7203070897773864 4.464368507732864 5.208429925688341 5.9524913436438185 6.696552761599296 7.440614179554773 8.18467559751025 8.928737015465728 9.672798433421205 10.416859851376682 11.16092126933216 11.904982687287637 12.649044105243114 13.393105523198592 14.137166941154069 15.707963267948966 17.453292519943297 19.198621771937624 20.943951023931955 22.689280275926283 24.434609527920614 26.17993877991494 27.925268031909273 29.670597283903604 31.41592653589793 
0.0 0.7440614179554773 1.4881228359109546 2.232184253866432 2.9762456718219092 3.7203070897773864 4.464368507732864 5.208429925688341 5.9524913436438185 6.696552761599296 7.440614179554773 8.18467559751025 8.928737015465728 9.672798433421205 10.416859851376682 11.16092126933216 11.904982687287637 12.649044105243114 13.393105523198592 14.137166941154069 15.707963267948966 17.453292519943297 19.198621771937624 20.943951023931955 22.689280275926283 24.434609527920614 26.17993877991494 27.925268031909273 29.670597283903604 31.41592653589793 
0.0 0.7440614179554773 1.4881228359109546 2.232184253866432 2.9762456718219092 3.7203070897773864 4.464368507732864 5.208429925688341 5.9524913436438185 6.696552761599296 7.440614179554773 8.18467559751025 8.928737015465728 9.672798433421205 10.416859851376682 11.16092126933216 11.904982687287637 12.649044105243114 13.393105523198592 14.137166941154069 15.707963267948966 17.453292519943297 19.198621771937624 20.943951023931955 22.689280275926283 24.434609527920614 26.17993877991494 27.925268031909273 29.670597283903604 31.41592653589793 
0.0 0.7440614179554773 1.4881228359109546 2.232184253866432 2.9762456718219092 3.7203070897773864 4.464368507732864 5.208429925688341 5.9524913436438185 6.696552761599296 7.440614179554773 8.18467559751025 8.928737015465728 9.672798433421205 10.416859851376682 11.16092126933216 11.904982687287637 12.649044105243114 13.393105523198592 14.137166941154069 15.707963267948966 17.453292519943297 19.198621771937624 20.943951023931955 22.689280275926283 24.434609527920614 26.17993877991494 27.925268031909273 29.670597283903604 31.41592653589793 
0.0 0.7440614179554773 1.4881228359109546 2.232184253866432 2.9762456718219092 3.7203070897773864 4.464368507732864 5.208429925688341 5.9524913436438185 6.696552761599296 7.440614179554773 8.18467559751025 8.928737015465728 9.672798433421205 10.416859851376682 11.16092126933216 11.904982687287637 12.649044105243114 13.393105523198592 14.137166941154069 15.707963267948966 17.453292519943297 19.198621771937624 20.943951023931955 22.689280275926283 24.434609527920614 26.17993877991494 27.925268031909273 29.670597283903604 31.41592653589793 
0.0 0.7440614179554773 1.4881228359109546 2.232184253866432 2.9762456718219092 3.7203070897773864 4.464368507732864 5.208429925688341 5.9524913436438185 6.696552761599296 7.440614179554773 8.18467559751025 8.928737015465728 9.672798433421205 10.416859851376682 11.16092126933216 11.904982687287637 12.649044105243114 13.393105523198592 14.137166941154069 15.707963267948966 17.453292519943297 19.198621771937624 20.943951023931955 22.689280275926283 24.434609527920614 26.17993877991494 27.925268031909273 29.670597283903604 31.41592653589793 
0.0 0.7440614179554773 1.4881228359109546 2.232184253866432 2.9762456718219092 3.7203070897773864 4.464368507732864 5.208429925688341 5.9524913436438185 6.696552761599296 7.440614179554773 8.18467559751025 8.928737015465728 9.672798433421205 10.416859851376682 11.16092126933216 11.904982687287637 12.649044105243114 13.393105523198592 14.137166941154069 15.707963267948966 17.453292519943297 19.198621771937624 20.943951023931955 22.689280275926283 24.434609527920614 26.17993877991494 27.925268031909273 29.670597283903604 31.41592653589793 
0.0 0.7440614179554773 1.4881228359109546 2.232184253866432 2.9762456718219092 3.7203070897773864 4.464368507732864 5.208429925688341 5.9524913436438185 6.696552761599296 7.440614179554773 8.18467559751025 8.928737015465728 9.672798433421205 10.416859851376682 11.16092126933216 11.904982687287637 12.649044105243114 13.393105523198592 14.137166941154069 15.707963267948966 17.453292519943297 19.198621771937624 20.943951023931955 22.689280275926283 24.434609527920614 26.17993877991494 27.925268031909273 29.670597283903604 31.41592653589793 
0.0 0.7440614179554773 1.4881228359109546 2.232184253866432 2.9762456718219092 3.7203070897773864 4.464368507732864 5.208429925688341 5.9524913436438185 6.696552761599296 7.440614179554773 8.18467559751025 8.928737015465728 9.672798433421205 10.416859851376682 11.16092126933216 11.904982687287637 12.649044105243114 13.393105523198592 14.137166941154069 15.707963267948966 17.453292519943297 19.198621771937624 20.943951023931955 22.689280275926283 24.434609527920614 26.17993877991494 27.925268031909273 29.670597283903604 31.41592653589793 
0.0 0.7440614179554773 1.4881228359109546 2.232184253866432 2.9762456718219092 3.7203070897773864 4.464368507732864 5.208429925688341 5.9524913436438185 6.696552761599296 7.440614179554773 8.18467559751025 8.928737015465728 9.672798433421205 10.416859851376682 11.16092126933216 11.904982687287637 12.649044105243114 13.393105523198592 14.137166941154069 15.707963267948966 17.453292519943297 19.198621771937624 20.943951023931955 22.689280275926283 24.434609527920614 26.17993877991494 27.925268031909273 29.670597283903604 31.41592653589793 
0.0 0.7440614179554773 1.4881228359109546 2.232184253866432 2.9762456718219092 3.7203070897773864 4.464368507732864 5.208429925688341 5.9524913436438185 6.696552761599296 7.440614179554773 8.18467559751025 8.928737015465728 9.672798433421205 10.416859851376682 11.16092126933216 11.904982687287637 12.649044105243114 13.393105523198592 14.137166941154069 15.707963267948966 17.453292519943297 19.198621771937624 20.943951023931955 22.689280275926283 24.434609527920614 26.17993877991494 27.925268031909273 29.670597283903604 31.41592653589793 
0.0 0.7440614179554773 1.4881228359109546 2.232184253866432 2.9762456718219092 3.7203070897773864 4.464368507732864 5.208429925688341 5.9524913436438185 6.696552761599296 7.440614179554773 8.18467559751025 8.928737015465728 9.672798433421205 10.416859851376682 11.16092126933216 11.904982687287637 12.649044105243114 13.393105523198592 14.137166941154069 15.707963267948966 17.453292519943297 19.198621771937624 20.943951023931955 22.689280275926283 24.434609527920614 26.17993877991494 27.925268031909273 29.670597283903604 31.41592653589793 
0.0 0.7440614179554773 1.4881228359109546 2.232184253866432 2.9762456718219092 3.7203070897773864 4.464368507732864 5.208429925688341 5.9524913436438185 6.696552761599296 7.440614179554773 8.18467559751025 8.928737015465728 9.672798433421205 10.416859851376682 11.16092126933216 11.904982687287637 12.649044105243114 13.393105523198592 14.137166941154069 15.707963267948966 17.453292519943297 19.198621771937624 20.943951023931955 22.689280275926283 24.434609527920614 26.17993877991494 27.925268031909273 29.670597283903604 31.41592653589793 
0.0 0.7440614179554773 1.4881228359109546 2.232184253866432 2.9762456718219092 3.7203070897773864 4.464368507732864 5.208429925688341 5.9524913436438185 6.696552761599296 7.440614179554773 8.18467559751025 8.928737015465728 9.672798433421205 10.416859851376682 11.16092126933216 11.904982687287637 12.649044105243114 13.393105523198592 14.137166941154069 15.707963267948966 17.453292519943297 19.198621771937624 20.943951023931955 22.689280275926283 24.434609527920614 26.17993877991494 27.925268031909273 29.670597283903604 31.41592653589793 
0.0 0.7440614179554773 1.4881228359109546 2.232184253866432 2.9762456718219092 3.7203070897773864 4.464368507732864 5.208429925688341 5.9524913436438185 6.696552761599296 7.440614179554773 8.18467559751025 8.928737015465728 9.672798433421205 10.416859851376682 11.16092126933216 11.904982687287637 12.649044105243114 13.393105523198592 14.137166941154069 15.707963267948966 17.453292519943297 19.198621771937624 20.943951023931955 22.689280275926283 24.434609527920614 26.17993877991494 27.925268031909273 29.670597283903604 31.41592653589793 
0.0 0.7440614179554773 1.4881228359109546 2.232184253866432 2.9762456718219092 3.7203070897773864 4.464368507732864 5.208429925688341 5.9524913436438185 6.696552761599296 7.440614179554773 8.18467559751025 8.928737015465728 9.672798433421205 10.416859851376682 11.16092126933216 11.904982687287637 12.649044105243114 13.393105523198592 14.137166941154069 15.707963267948966 17.453292519943297 19.198621771937624 20.943951023931955 22.689280275926283 24.434609527920614 26.17993877991494 27.925268031909273 29.670597283903604 31.41592653589793 
