0.0 1.5707963267948966 3.141592653589793 4.71238898038469 6.283185307179586 7.853981633974483 9.42477796076938 10.995574287564276 12.566370614359172 14.137166941154069 15.707963267948966 17.453292519943297 19.198621771937624 20.943951023931955 22.689280275926283 24.434609527920614 26.17993877991494 27.925268031909273 29.670597283903604 31.41592653589793 
0.0 1.5707963267948966 3.141592653589793 4.71238898038469 6.283185307179586 7.853981633974483 9.42477796076938 10.995574287564276 12.566370614359172 14.137166941154069 15.707963267948966 17.453292519943297 19.198621771937624 20.943951023931955 22.689280275926283 24.434609527920614 26.17993877991494 27.925268031909273 29.670597283903604 31.41592653589793 
0.0 1.5707963267948966 3.141592653589793 4.71238898038469 6.283185307179586 7.853981633974483 9.42477796076938 10.995574287564276 12.566370614359172 14.137166941154069 15.707963267948966 17.453292519943297 19.198621771937624 20.943951023931955 22.689280275926283 24.434609527920614 26.17993877991494 27.925268031909273 29.670597283903604 31.41592653589793 
0.0 1.5707963267948966 3.141592653589793 4.71238898038469 6.283185307179586 7.853981633974483 9.42477796076938 10.995574287564276 12.566370614359172 14.137166941154069 15.707963267948966 17.453292519943297 19.198621771937624 20.943951023931955 22.689280275926283 24.434609527920614 26.17993877991494 27.925268031909273 29.670597283903604 31.41592653589793 
0.0 1.5707963267948966 3.141592653589793 4.71238898038469 6.283185307179586 7.853981633974483 9.42477796076938 10.995574287564276 12.566370614359172 14.137166941154069 15.707963267948966 17.453292519943297 19.198621771937624 20.943951023931955 22.689280275926283 24.434609527920614 26.17993877991494 27.925268031909273 29.670597283903604 31.41592653589793 
0.0 1.5707963267948966 3.141592653589793 4.71238898038469 6.283185307179586 7.853981633974483 9.42477796076938 10.995574287564276 12.566370614359172 14.137166941154069 15.707963267948966 17.453292519943297 19.198621771937624 20.943951023931955 22.689280275926283 24.434609527920614 26.17993877991494 27.925268031909273 29.670597283903604 31.41592653589793 
0.0 1.5707963267948966 3.141592653589793 4.71238898038469 6.283185307179586 7.853981633974483 9.42477796076938 10.995574287564276 12.566370614359172 14.137166941154069 15.707963267948966 17.453292519943297 19.198621771937624 20.943951023931955 22.689280275926283 24.434609527920614 26.17993877991494 27.925268031909273 29.670597283903604 31.41592653589793 
0.0 1.5707963267948966 3.141592653589793 4.71238898038469 6.283185307179586 7.853981633974483 9.42477796076938 10.995574287564276 12.566370614359172 14.137166941154069 15.707963267948966 17.453292519943297 19.198621771937624 20.943951023931955 22.689280275926283 24.434609527920614 26.17993877991494 27.925268031909273 29.670597283903604 31.41592653589793 
0.0 1.5707963267948966 3.141592653589793 4.71238898038469 6.283185307179586 7.853981633974483 9.42477796076938 10.995574287564276 12.566370614359172 14.137166941154069 15.707963267948966 17.453292519943297 19.198621771937624 20.943951023931955 22.689280275926283 24.434609527920614 26.17993877991494 27.925268031909273 29.670597283903604 31.41592653589793 
0.0 1.5707963267948966 3.141592653589793 4.71238898038469 6.283185307179586 7.853981633974483 9.42477796076938 10.995574287564276 12.566370614359172 14.137166941154069 15.707963267948966 17.453292519943297 19.198621771937624 20.943951023931955 22.689280275926283 24.434609527920614 26.17993877991494 27.925268031909273 29.670597283903604 31.41592653589793 
0.0 1.5707963267948966 3.141592653589793 4.71238898038469 6.283185307179586 7.853981633974483 9.42477796076938 10.995574287564276 12.566370614359172 14.137166941154069 15.707963267948966 17.453292519943297 19.198621771937624 20.943951023931955 22.689280275926283 24.434609527920614 26.17993877991494 27.925268031909273 29.670597283903604 31.41592653589793 
0.0 1.5707963267948966 3.141592653589793 4.71238898038469 6.283185307179586 7.853981633974483 9.42477796076938 10.995574287564276 12.566370614359172 14.137166941154069 15.707963267948966 17.453292519943297 19.198621771937624 20.943951023931955 22.689280275926283 24.434609527920614 26.17993877991494 27.925268031909273 29.670597283903604 31.41592653589793 
0.0 1.5707963267948966 3.141592653589793 4.71238898038469 6.283185307179586 7.853981633974483 9.42477796076938 10.995574287564276 12.566370614359172 14.137166941154069 15.707963267948966 17.453292519943297 19.198621771937624 20.943951023931955 22.689280275926283 24.434609527920614 26.17993877991494 27.925268031909273 29.670597283903604 31.41592653589793 
0.0 1.5707963267948966 3.141592653589793 4.71238898038469 6.283185307179586 7.853981633974483 9.42477796076938 10.995574287564276 12.566370614359172 14.137166941154069 15.707963267948966 17.453292519943297 19.198621771937624 20.943951023931955 22.689280275926283 24.434609527920614 26.17993877991494 27.925268031909273 29.670597283903604 31.41592653589793 
0.0 1.5707963267948966 3.141592653589793 4.71238898038469 6.283185307179586 7.853981633974483 9.42477796076938 10.995574287564276 12.566370614359172 14.137166941154069 15.707963267948966 17.453292519943297 19.198621771937624 20.943951023931955 22.689280275926283 24.434609527920614 26.17993877991494 27.925268031909273 29.670597283903604 31.41592653589793 
0.0 1.5707963267948966 3.141592653589793 4.71238898038469 6.283185307179586 7.853981633974483 9.42477796076938 10.995574287564276 12.566370614359172 14.137166941154069 15.707963267948966 17.453292519943297 19.198621771937624 20.943951023931955 22.689280275926283 24.434609527920614 26.17993877991494 27.925268031909273 29.670597283903604 31.41592653589793 
0.0 1.5707963267948966 3.141592653589793 4.71238898038469 6.283185307179586 7.853981633974483 9.42477796076938 10.995574287564276 12.566370614359172 14.137166941154069 15.707963267948966 17.453292519943297 19.198621771937624 20.943951023931955 22.689280275926283 24.434609527920614 26.17993877991494 27.925268031909273 29.670597283903604 31.41592653589793 
0.0 1.5707963267948966 3.141592653589793 4.71238898038469 6.283185307179586 7.853981633974483 9.42477796076938 10.995574287564276 12.566370614359172 14.137166941154069 15.707963267948966 17.453292519943297 19.198621771937624 20.943951023931955 22.689280275926283 24.434609527920614 26.17993877991494 27.925268031909273 29.670597283903604 31.41592653589793 
0.0 1.5707963267948966 3.141592653589793 4.71238898038469 6.283185307179586 7.853981633974483 9.42477796076938 10.995574287564276 12.566370614359172 14.137166941154069 15.707963267948966 17.453292519943297 19.198621771937624 20.943951023931955 22.689280275926283 24.434609527920614 26.17993877991494 27.925268031909273 29.670597283903604 31.41592653589793 
0.0 1.5707963267948966 3.141592653589793 4.71238898038469 6.283185307179586 7.853981633974483 9.42477796076938 10.995574287564276 12.566370614359172 14.137166941154069 15.707963267948966 17.453292519943297 19.198621771937624 20.943951023931955 22.689280275926283 24.434609527920614 26.17993877991494 27.925268031909273 29.670597283903604 31.41592653589793 
