9.84
28.35
55.01
93.52
167.93
273.75
512.4
569.91
820.18
1052.83
1023.76
1941.65
2469.45
3117.13
3527.19
3758.17
4269.27
4470.63
6517.14
9059.97
7833.66
8793.27
9047.44
14064.28
13736.57
14385.25
16041.47
21674.45
24759.04
19678.39
26027.86
25273.36
32312.86
31434.67
32154.6
40803.37
38769.35
46871.34
47964.59
46399.92
57999.49
59692.31
59973.71
60199.65
77502.24
84541.13
84845.85
89371.53
83038.95
88207.81
117295.76
110127.25
114857.48
134143.48
137178.97
140364.44
139771.91
176353.74
148036.01
145303.65
197159.36
156762.11
170279.03
223767.24
199281.29
213807.52
196520.25
206848.5
300089.65
314976.69
213593.94
287811.78
302061.12
256796.97
319525.96
359231.31
315593.26
347974.98
356478.77
414102.84
462631.54
430411.46
459138.81
545402.0
510040.9
523298.24
455521.34
575925.42
551764.4
423047.65
600289.96
702452.06
595805.57
641545.45
624305.56
725853.83
696401.56
731313.84
