9.97
12.98
16.04
19.46
22.2
26.26
31.6
34.37
40.24
42.05
46.95
53.25
55.94
60.74
63.01
70.71
70.93
80.01
84.59
87.5
88.73
94.81
99.44
108.81
118.2
114.57
122.68
124.92
127.63
135.72
139.98
149.1
151.79
154.86
163.85
167.62
177.06
179.26
188.5
180.99
192.42
203.48
217.73
203.44
203.25
226.87
231.34
233.69
237.13
244.75
244.71
248.19
275.77
262.5
273.06
276.11
269.59
285.46
289.12
305.3
297.02
326.69
301.61
313.75
322.09
331.86
337.36
341.49
351.38
355.05
357.11
365.28
368.18
369.27
395.8
409.08
404.67
404.38
401.93
419.97
440.2
444.87
423.92
461.21
422.41
438.23
470.27
468.62
477.3
466.82
474.66
485.08
490.51
504.83
513.06