23.71
43.63
59.71
104.4
103.55
121.26
146.98
180.68
269.12
237.99
289.22
313.34
320.24
409.55
421.55
485.07
557.2
570.98
706.12
706.84
834.41
933.61
1045.62
1091.3
988.79
1151.61
968.99
1217.4
1467.51
1417.96
1517.72
1637.75
1332.28
1751.13
2091.26
1984.68
2222.39
1863.39
2038.12
2230.07
2448.95
2556.31
2872.85
2668.47
2757.33
3221.46
2911.46
3767.6
2991.26
3329.96
3366.94
3786.35
3989.3
4207.71
4389.67
3994.27
4018.75
4261.9
4790.42
5001.8
5121.57
5317.73
5538.55
5429.29
5780.95
5799.23
6897.3
6167.78
5977.43
5390.71
7283.72
7418.29
7530.27
7392.36
7594.74
8230.0
9049.92
8806.12
7832.9
8891.92
8868.84
8141.49
9428.5
8888.8
9960.33
9643.42
9363.36
10175.9
9702.19
10794.64
11764.09
9019.32
11215.2
9909.86
13144.75
