8.047189562170502
10.75055681536833
13.621371043387192
16.635532333438686
19.775021196025975
23.02585092994046
26.376848000782076
29.818879797456006
33.34434164699998
36.94680261461362
40.62075301653315
44.3614195558365
48.16462684895568
52.02669164213096
55.94434060416236
59.914645471079815
63.93497119219188
68.00293397388296
72.11636696637044
76.2732919283507
80.47189562170502
84.71050998855854
88.9875953821169
93.30172628490571
97.65157906960775
102.03592144986466
106.45360333903953
110.90354888959125
115.38474952839385
119.89625783694949
124.43718215212947
129.00668178441995
133.6039627678363
138.22827406960266
142.8789041990562
147.55517816455745
152.25645473487663
156.9821239679015
161.73160497482317
166.50434389240348
171.29981203966437
176.11750423849838
180.95693728037276
185.81764852357878
190.6991946074207
195.6011502714073
200.5231072689406
205.46467336623422
210.42547141826248
215.40513851447082
220.40332518778592
225.41969468116838
230.45392226656938
235.50569461169232
240.57470919043746
245.66067373332604
250.763305714572
255.88233187279567
261.0174877626666
266.168517335019
271.3351725432164
276.51721297374405
281.7144054991947
286.9265239519753
292.15334881721094
297.39466694345515
302.6502712699334
307.919960569156
313.2035392038325
318.5008168971086
323.81160851522327
329.13573386176114
334.47301748273367
339.82328848178815
345.1863803448947
350.5621307739105
355.9503815284676
361.35097827566875
366.7637704471177
372.1886111028383
377.6253568016769
383.0738674778016
388.53400632294876
394.0056396740822
399.4886369061604
404.9828703297238
410.4882150930333
416.00454908851174
421.53175286325285
427.0697095333804
432.6183047020514
438.17742638091227
443.74696491482814
449.32681290971607
454.9168651633244