0.0019531249999999696 0.09206873590192437 0.292449021599961 0.5366101535549554 0.6240073615118455 0.5788059921890758 0.3704598670473992 0.1422481480906626 0.012491635705377325 0.04957057415493185 
0.0019531249999999824 0.09231944743687351 0.29453706647380096 0.5468807081704926 0.6474145471574114 0.6186960580565973 0.41627463977853285 0.17842791694402593 0.02556440104525609 0.03034684279197285 
0.0019531250000000082 0.09254086407994441 0.29630441701952986 0.5559820853920462 0.6684277764343963 0.6554999935043893 0.4596999996220534 0.21485213374607226 0.0424721929784847 0.016942583641105683 
0.0019531249999997359 0.09273295666117845 0.29774855166662273 0.5638743466935563 0.6868644602445959 0.6886389949794731 0.49966743120164525 0.2499777213981789 0.06166965045129309 0.008720378947035584 
0.001953125000000087 0.09289572194255805 0.29886787073655674 0.570525284854655 0.7025701726205315 0.7175909432645222 0.5352050970016197 0.2823217803441625 0.08149934905738469 0.004704191414633909 
0.001953125000000039 0.0930291823957295 0.2996616932797202 0.5759106401850292 0.7154201813375284 0.7419028022146336 0.5654647589389511 0.31053352978477644 0.10032861581563868 0.0037216986680092758 
0.0019531250000000707 0.09313338594948507 0.3001302512423455 0.5800142192328539 0.7253205202010145 0.7612019891749914 0.5897436645829989 0.33345880522709465 0.11667912976371415 0.004556090740936155 
0.001953125000000105 0.09320840570779589 0.30027468111234284 0.582827913857112 0.7322085975408432 0.7752061329825881 0.6075013722223767 0.3501936363503706 0.12933395254875552 0.006091650551766616 
0.0019531249999998996 0.09325433963923556 0.300097013182682 0.584351621505039 0.7360533443811323 0.783730600776297 0.6183715573146515 0.3601238391569578 0.1374121001856579 0.007437554641760576 
0.0019531249999999278 0.09327131023866354 0.29960015855604427 0.5845930704284714 0.73685491419639 0.7866932132392638 0.6221687867255715 0.3629482100730668 0.14040813543829053 0.008017493498810393 
