0.0 8.688304412398583 17.376608824797167 26.06491323719575 34.75321764959433 43.44152206199291 52.1298264743915 60.81813088679009 69.50643529918867 78.19473971158725 
0.0 8.688304412398583 17.376608824797167 26.06491323719575 34.75321764959433 43.44152206199291 52.1298264743915 60.81813088679009 69.50643529918867 78.19473971158725 
0.0 8.688304412398583 17.376608824797167 26.06491323719575 34.75321764959433 43.44152206199291 52.1298264743915 60.81813088679009 69.50643529918867 78.19473971158725 
0.0 8.688304412398583 17.376608824797167 26.06491323719575 34.75321764959433 43.44152206199291 52.1298264743915 60.81813088679009 69.50643529918867 78.19473971158725 
0.0 8.688304412398583 17.376608824797167 26.06491323719575 34.75321764959433 43.44152206199291 52.1298264743915 60.81813088679009 69.50643529918867 78.19473971158725 
0.0 8.688304412398583 17.376608824797167 26.06491323719575 34.75321764959433 43.44152206199291 52.1298264743915 60.81813088679009 69.50643529918867 78.19473971158725 
0.0 8.688304412398583 17.376608824797167 26.06491323719575 34.75321764959433 43.44152206199291 52.1298264743915 60.81813088679009 69.50643529918867 78.19473971158725 
0.0 8.688304412398583 17.376608824797167 26.06491323719575 34.75321764959433 43.44152206199291 52.1298264743915 60.81813088679009 69.50643529918867 78.19473971158725 
0.0 8.688304412398583 17.376608824797167 26.06491323719575 34.75321764959433 43.44152206199291 52.1298264743915 60.81813088679009 69.50643529918867 78.19473971158725 
0.0 8.688304412398583 17.376608824797167 26.06491323719575 34.75321764959433 43.44152206199291 52.1298264743915 60.81813088679009 69.50643529918867 78.19473971158725 
